0 1.99902 0
0 1.99706 0
0 1.99412 0
0 1.9902 0
0 1.9853 0
0 1.97942 0
0 1.97256 0
0 1.96472 0
0 1.9559 0
0 1.9461 0
0 1.93532 0
0 1.92356 0
0 1.91082 0
0 1.8971 0
0 1.8824 0
0 1.86672 0
0 1.85006 0
0 1.83242 0
0 1.8138 0
0 1.7942 0
0 1.77362 0
0 1.75206 0
0 1.72952 0
0 1.706 0
0 1.6815 0
0 1.65602 0
0 1.62956 0
0 1.60212 0
0 1.5737 0
0 1.5443 0
0 1.51392 0
0 1.48256 0
0 1.45022 0
0 1.4169 0
0 1.3826 0
0 1.34732 0
0 1.31106 0
0 1.27382 0
0 1.2356 0
0 1.1964 0
0 1.15622 0
0 1.11506 0
0 1.07292 0
0 1.0298 0
0 0.985697 0
0 0.940617 0
0 0.894557 0
0 0.847517 0
0 0.799497 0
0 0.750496 0
0 0.700516 0
0 0.649556 0
0 0.597616 0
0 0.544696 0
0 0.490796 0
0 0.435916 0
0 0.380056 0
0 0.323215 0
0 0.265395 0
0 0.206595 0
0 0.146815 0
0 0.0860549 0
0 0.0243147 0
0 -0.0384054 0
0 -0.102106 0
0 -0.166786 0
-4.93656e-18 -0.232436 -5.69284e-10
-1.17377e-10 -0.298952 -2.29964e-09
-5.3165e-10 -0.366051 -6.42497e-09
-5.01156e-10 -0.432773 -2.02349e-08
3.58889e-11 -0.501365 -7.6294e-08
3.58857e-11 -0.572212 -1.27457e-07
4.6468e-10 -0.643312 -1.83047e-07
4.64671e-10 -0.712396 -2.58172e-07
5.72119e-09 -0.778602 -3.18592e-07
3.92632e-08 -0.832635 -3.46017e-07
7.12789e-08 -0.894096 -3.61646e-07
9.10389e-08 -0.956082 -3.67294e-07
6.62993e-08 -1.00745 -3.12671e-07
1.00536e-08 -1.04554 -2.44018e-07
-9.40793e-06 -1.04809 0.00109475
-2.49977e-05 -1.04432 0.0031199
-3.24904e-05 -1.04168 0.00453
-3.32202e-05 -1.04126 0.00475242
-3.21781e-05 -1.04177 0.00448387
-3.11052e-05 -1.04218 0.00426175
-3.08212e-05 -1.04228 0.00420975
-3.10097e-05 -1.04221 0.00424485
-3.12022e-05 -1.04215 0.00428098
-3.12597e-05 -1.04213 0.00429195
-3.12377e-05 -1.04213 0.00428777
-3.12076e-05 -1.04214 0.00428206
-3.11965e-05 -1.04215 0.00427992
-3.11988e-05 -1.04215 0.00428035
-3.12034e-05 -1.04215 0.00428123
-3.12055e-05 -1.04214 0.00428162
-3.12054e-05 -1.04214 0.0042816
-3.12044e-05 -1.04214 0.00428146
-3.12042e-05 -1.04214 0.00428139
-3.12044e-05 -1.04214 0.00428139
-3.12044e-05 -1.04214 0.00428141
-3.12044e-05 -1.04214 0.00428142
-3.12043e-05 -1.04214 0.00428142
-3.12044e-05 -1.04214 0.00428142
-3.12045e-05 -1.04214 0.00428142
-3.12045e-05 -1.04214 0.00428142
-3.12043e-05 -1.04214 0.00428142
-3.12042e-05 -1.04214 0.00428142
-3.12045e-05 -1.04214 0.00428142
-3.12043e-05 -1.04214 0.00428142
-3.12045e-05 -1.04214 0.00428142
-3.12045e-05 -1.04214 0.00428142
-3.12044e-05 -1.04214 0.00428142
-3.12045e-05 -1.04214 0.00428142
-3.12045e-05 -1.04214 0.00428142
-3.12043e-05 -1.04214 0.00428142
-3.12043e-05 -1.04214 0.00428142
-3.12045e-05 -1.04214 0.00428142
-3.12045e-05 -1.04214 0.00428142
-3.12045e-05 -1.04214 0.00428142
-3.12043e-05 -1.04214 0.00428142
-3.12043e-05 -1.04214 0.00428142
-3.12043e-05 -1.04214 0.00428142
-3.12043e-05 -1.04214 0.00428142
-3.12043e-05 -1.04214 0.00428142
-3.12043e-05 -1.04214 0.00428142
-3.12043e-05 -1.04214 0.00428142
-3.12043e-05 -1.04214 0.00428142
-3.12043e-05 -1.04214 0.00428142
-3.12043e-05 -1.04214 0.00428142
-3.12044e-05 -1.04214 0.00428142
-3.12044e-05 -1.04214 0.00428142
-3.12044e-05 -1.04214 0.00428142
-3.12044e-05 -1.04214 0.00428142
-3.12045e-05 -1.04214 0.00428142
-3.12045e-05 -1.04214 0.00428142
-3.12045e-05 -1.04214 0.00428142
-3.12045e-05 -1.04214 0.00428142
-3.12045e-05 -1.04214 0.00428142
-3.12045e-05 -1.04214 0.00428142
-3.12045e-05 -1.04214 0.00428142
-3.12045e-05 -1.04214 0.00428142
-3.12045e-05 -1.04214 0.00428142
-3.12045e-05 -1.04214 0.00428142
-3.12045e-05 -1.04214 0.00428142
-3.12045e-05 -1.04214 0.00428142
-3.12045e-05 -1.04214 0.00428142
-3.12045e-05 -1.04214 0.00428142
-3.12045e-05 -1.04214 0.00428142
-3.12045e-05 -1.04214 0.00428142
-3.12045e-05 -1.04214 0.00428142
-3.12045e-05 -1.04214 0.00428142
-3.12045e-05 -1.04214 0.00428142
-3.12045e-05 -1.04214 0.00428142
-3.12045e-05 -1.04214 0.00428142
-3.12045e-05 -1.04214 0.00428142
-3.12045e-05 -1.04214 0.00428142
-3.12045e-05 -1.04214 0.00428142
-3.12045e-05 -1.04214 0.00428142
-3.12045e-05 -1.04214 0.00428142
-3.12045e-05 -1.04214 0.00428142
-3.12045e-05 -1.04214 0.00428142
-3.12045e-05 -1.04214 0.00428142
-3.12045e-05 -1.04214 0.00428142
-3.12045e-05 -1.04214 0.00428142
-3.12045e-05 -1.04214 0.00428142
-3.12045e-05 -1.04214 0.00428142
-3.12045e-05 -1.04214 0.00428142
-3.12045e-05 -1.04214 0.00428142
-3.12045e-05 -1.04214 0.00428142
-3.12045e-05 -1.04214 0.00428142
-3.12045e-05 -1.04214 0.00428142
-3.12045e-05 -1.04214 0.00428142
-3.12045e-05 -1.04214 0.00428142
-3.12045e-05 -1.04214 0.00428142
-3.12045e-05 -1.04214 0.00428142
-3.12045e-05 -1.04214 0.00428142
-3.12045e-05 -1.04214 0.00428142
-3.12045e-05 -1.04214 0.00428142
-3.12045e-05 -1.04214 0.00428142
-3.12045e-05 -1.04214 0.00428142
-3.12045e-05 -1.04214 0.00428142
-3.12045e-05 -1.04214 0.00428142
-3.12045e-05 -1.04214 0.00428142
-3.12045e-05 -1.04214 0.00428142
-3.12045e-05 -1.04214 0.00428142
-3.12045e-05 -1.04214 0.00428142
-3.12045e-05 -1.04214 0.00428142
-3.12045e-05 -1.04214 0.00428142
-3.12045e-05 -1.04214 0.00428142
-3.12045e-05 -1.04214 0.00428142
-3.12045e-05 -1.04214 0.00428142
-3.12045e-05 -1.04214 0.00428142
-3.12045e-05 -1.04214 0.00428142
-3.12045e-05 -1.04214 0.00428142
-3.12045e-05 -1.04214 0.00428142
-3.12045e-05 -1.04214 0.00428142
-3.12045e-05 -1.04214 0.00428142
-3.12045e-05 -1.04214 0.00428142
-3.12045e-05 -1.04214 0.00428142
-3.12045e-05 -1.04214 0.00428142
-3.12045e-05 -1.04214 0.00428142
-3.12045e-05 -1.04214 0.00428142
-3.12045e-05 -1.04214 0.00428142
-3.12045e-05 -1.04214 0.00428142
-3.12045e-05 -1.04214 0.00428142
-3.12045e-05 -1.04214 0.00428142
-3.12045e-05 -1.04214 0.00428142
-3.12045e-05 -1.04214 0.00428142
-3.12045e-05 -1.04214 0.00428142
-3.12045e-05 -1.04214 0.00428142
-3.12045e-05 -1.04214 0.00428142
-3.12045e-05 -1.04214 0.00428142
-3.12045e-05 -1.04214 0.00428142
-3.12045e-05 -1.04214 0.00428142
-3.12045e-05 -1.04214 0.00428142
-3.12045e-05 -1.04214 0.00428142
-3.12045e-05 -1.04214 0.00428142
-3.12045e-05 -1.04214 0.00428142
-3.12045e-05 -1.04214 0.00428142
-3.12045e-05 -1.04214 0.00428142
-3.12045e-05 -1.04214 0.00428142
-3.12045e-05 -1.04214 0.00428142
-3.12045e-05 -1.04214 0.00428142
-3.12045e-05 -1.04214 0.00428142
-3.12045e-05 -1.04214 0.00428142
-3.12045e-05 -1.04214 0.00428142
-3.12045e-05 -1.04214 0.00428142
-3.12045e-05 -1.04214 0.00428142
-3.12045e-05 -1.04214 0.00428142
-3.12045e-05 -1.04214 0.00428142
-3.12045e-05 -1.04214 0.00428142
-3.12045e-05 -1.04214 0.00428142
-3.12045e-05 -1.04214 0.00428142
-3.12045e-05 -1.04214 0.00428142
-3.12045e-05 -1.04214 0.00428142
-3.12045e-05 -1.04214 0.00428142
-3.12045e-05 -1.04214 0.00428142
-3.12045e-05 -1.04214 0.00428142
-3.12045e-05 -1.04214 0.00428142
-3.12045e-05 -1.04214 0.00428142
-3.12045e-05 -1.04214 0.00428142
-3.12045e-05 -1.04214 0.00428142
-3.12045e-05 -1.04214 0.00428142
-3.12045e-05 -1.04214 0.00428142
-3.12045e-05 -1.04214 0.00428142
-3.12045e-05 -1.04214 0.00428142
-3.12045e-05 -1.04214 0.00428142
-3.12045e-05 -1.04214 0.00428142
-3.12045e-05 -1.04214 0.00428142
-3.12045e-05 -1.04214 0.00428142
-3.12045e-05 -1.04214 0.00428142
-3.12045e-05 -1.04214 0.00428142
-3.12045e-05 -1.04214 0.00428142
-3.12045e-05 -1.04214 0.00428142
-3.12045e-05 -1.04214 0.00428142
-3.12045e-05 -1.04214 0.00428142
-3.12045e-05 -1.04214 0.00428142
-3.12045e-05 -1.04214 0.00428142
-3.12045e-05 -1.04214 0.00428142
-3.12045e-05 -1.04214 0.00428142
-3.12045e-05 -1.04214 0.00428142
-3.12045e-05 -1.04214 0.00428142
-3.12045e-05 -1.04214 0.00428142
-3.12045e-05 -1.04214 0.00428142
-3.12045e-05 -1.04214 0.00428142
-3.12045e-05 -1.04214 0.00428142
-3.12045e-05 -1.04214 0.00428142
-3.12045e-05 -1.04214 0.00428142
-3.12045e-05 -1.04214 0.00428142
-3.12045e-05 -1.04214 0.00428142
-3.12045e-05 -1.04214 0.00428142
-3.12045e-05 -1.04214 0.00428142
-3.12045e-05 -1.04214 0.00428142
-3.12045e-05 -1.04214 0.00428142
-3.12045e-05 -1.04214 0.00428142
-3.12045e-05 -1.04214 0.00428142
-3.12045e-05 -1.04214 0.00428142
-3.12045e-05 -1.04214 0.00428142
-3.12045e-05 -1.04214 0.00428142
-3.12045e-05 -1.04214 0.00428142
-3.12045e-05 -1.04214 0.00428142
-3.12045e-05 -1.04214 0.00428142
-3.12045e-05 -1.04214 0.00428142
-3.12045e-05 -1.04214 0.00428142
-3.12045e-05 -1.04214 0.00428142
-3.12045e-05 -1.04214 0.00428142
-3.12045e-05 -1.04214 0.00428142
-3.12045e-05 -1.04214 0.00428142
-3.12045e-05 -1.04214 0.00428142
-3.12045e-05 -1.04214 0.00428142
-3.12045e-05 -1.04214 0.00428142
-3.12045e-05 -1.04214 0.00428142
-3.12045e-05 -1.04214 0.00428142
-3.12045e-05 -1.04214 0.00428142
-3.12045e-05 -1.04214 0.00428142
-3.12045e-05 -1.04214 0.00428142
-3.12045e-05 -1.04214 0.00428142
-3.12045e-05 -1.04214 0.00428142
-3.12045e-05 -1.04214 0.00428142
-3.12045e-05 -1.04214 0.00428142
-3.12045e-05 -1.04214 0.00428142
-3.12045e-05 -1.04214 0.00428142
-3.12045e-05 -1.04214 0.00428142
-3.12045e-05 -1.04214 0.00428142
-3.12045e-05 -1.04214 0.00428142
-3.12045e-05 -1.04214 0.00428142
-3.12045e-05 -1.04214 0.00428142
-3.12045e-05 -1.04214 0.00428142
-3.12045e-05 -1.04214 0.00428142
-3.12045e-05 -1.04214 0.00428142
-3.12045e-05 -1.04214 0.00428142
-3.12045e-05 -1.04214 0.00428142
-3.12045e-05 -1.04214 0.00428142
-3.12045e-05 -1.04214 0.00428142
-3.12045e-05 -1.04214 0.00428142
-3.12045e-05 -1.04214 0.00428142
-3.12045e-05 -1.04214 0.00428142
-3.12045e-05 -1.04214 0.00428142
-3.12045e-05 -1.04214 0.00428142
-3.12045e-05 -1.04214 0.00428142
-3.12045e-05 -1.04214 0.00428142
-3.12045e-05 -1.04214 0.00428142
-3.12045e-05 -1.04214 0.00428142
-3.12045e-05 -1.04214 0.00428142
-3.12045e-05 -1.04214 0.00428142
-3.12045e-05 -1.04214 0.00428142
-3.12045e-05 -1.04214 0.00428142
-3.12045e-05 -1.04214 0.00428142
-3.12045e-05 -1.04214 0.00428142
-3.12045e-05 -1.04214 0.00428142
-3.12045e-05 -1.04214 0.00428142
-3.12045e-05 -1.04214 0.00428142
-3.12045e-05 -1.04214 0.00428142
-3.12045e-05 -1.04214 0.00428142
-3.12045e-05 -1.04214 0.00428142
-3.12045e-05 -1.04214 0.00428142
-3.12045e-05 -1.04214 0.00428142
-3.12045e-05 -1.04214 0.00428142
-3.12045e-05 -1.04214 0.00428142
-3.12045e-05 -1.04214 0.00428142
-3.12045e-05 -1.04214 0.00428142
-3.12045e-05 -1.04214 0.00428142
-3.12045e-05 -1.04214 0.00428142
-3.12045e-05 -1.04214 0.00428142
-3.12045e-05 -1.04214 0.00428142
-3.12045e-05 -1.04214 0.00428142
-3.12045e-05 -1.04214 0.00428142
-3.12045e-05 -1.04214 0.00428142
-3.12045e-05 -1.04214 0.00428142
-3.12045e-05 -1.04214 0.00428142
-3.12045e-05 -1.04214 0.00428142
-3.12045e-05 -1.04214 0.00428142
-3.12045e-05 -1.04214 0.00428142
-3.12045e-05 -1.04214 0.00428142
-3.12045e-05 -1.04214 0.00428142
-3.12045e-05 -1.04214 0.00428142
-3.12045e-05 -1.04214 0.00428142
-3.12045e-05 -1.04214 0.00428142
-3.12045e-05 -1.04214 0.00428142
-3.12045e-05 -1.04214 0.00428142
-3.12045e-05 -1.04214 0.00428142
-3.12045e-05 -1.04214 0.00428142
-3.12045e-05 -1.04214 0.00428142
-3.12045e-05 -1.04214 0.00428142
-3.12045e-05 -1.04214 0.00428142
-3.12045e-05 -1.04214 0.00428142
-3.12045e-05 -1.04214 0.00428142
-3.12045e-05 -1.04214 0.00428142
-3.12045e-05 -1.04214 0.00428142
-3.12045e-05 -1.04214 0.00428142
-3.12045e-05 -1.04214 0.00428142
-3.12045e-05 -1.04214 0.00428142
-3.12045e-05 -1.04214 0.00428142
-3.12045e-05 -1.04214 0.00428142
-3.12045e-05 -1.04214 0.00428142
-3.12045e-05 -1.04214 0.00428142
-3.12045e-05 -1.04214 0.00428142
-3.12045e-05 -1.04214 0.00428142
-3.12045e-05 -1.04214 0.00428142
-3.12045e-05 -1.04214 0.00428142
-3.12045e-05 -1.04214 0.00428142
-3.12045e-05 -1.04214 0.00428142
-3.12045e-05 -1.04214 0.00428142
-3.12045e-05 -1.04214 0.00428142
-3.12045e-05 -1.04214 0.00428142
-3.12045e-05 -1.04214 0.00428142
-3.12045e-05 -1.04214 0.00428142
-3.12045e-05 -1.04214 0.00428142
-3.12045e-05 -1.04214 0.00428142
-3.12045e-05 -1.04214 0.00428142
-3.12045e-05 -1.04214 0.00428142
-3.12045e-05 -1.04214 0.00428142
-3.12045e-05 -1.04214 0.00428142
-3.12045e-05 -1.04214 0.00428142
-3.12045e-05 -1.04214 0.00428142
-3.12045e-05 -1.04214 0.00428142
-3.12045e-05 -1.04214 0.00428142
-3.12045e-05 -1.04214 0.00428142
-3.12045e-05 -1.04214 0.00428142
-3.12045e-05 -1.04214 0.00428142
