0 1.99902 0
0 1.99706 0
0 1.99412 0
0 1.9902 0
0 1.9853 0
0 1.97942 0
0 1.97256 0
0 1.96472 0
0 1.9559 0
0 1.9461 0
0 1.93532 0
0 1.92356 0
0 1.91082 0
0 1.8971 0
0 1.8824 0
0 1.86672 0
0 1.85006 0
0 1.83242 0
0 1.8138 0
0 1.7942 0
0 1.77362 0
0 1.75206 0
0 1.72952 0
0 1.706 0
0 1.6815 0
0 1.65602 0
0 1.62956 0
0 1.60212 0
0 1.5737 0
0 1.5443 0
0 1.51392 0
0 1.48256 0
0 1.45022 0
0 1.4169 0
0 1.3826 0
0 1.34732 0
0 1.31106 0
0 1.27382 0
0 1.2356 0
0 1.1964 0
0 1.15622 0
0 1.11506 0
0 1.07292 0
0 1.0298 0
0 0.985697 0
0 0.940617 0
0 0.894557 0
0 0.847517 0
0 0.799497 0
0 0.750496 0
0 0.700516 0
0 0.649556 0
0 0.597616 0
0 0.544696 0
0 0.490796 0
0 0.435916 0
0 0.380056 0
0 0.323215 0
0 0.265395 0
0 0.206595 0
2.57619e-14 0.25 0
2.57619e-14 0.250001 0
2.57619e-14 0.250001 0
2.57619e-14 0.250001 0
2.57619e-14 0.250001 0
2.57619e-14 0.250001 0
2.57619e-14 0.250001 0
2.57619e-14 0.250001 0
2.57619e-14 0.250001 0
2.57619e-14 0.250001 0
2.57619e-14 0.250001 0
2.57619e-14 0.250001 0
2.57619e-14 0.250001 0
2.57619e-14 0.250001 0
2.57619e-14 0.250001 0
2.57619e-14 0.250001 0
2.57619e-14 0.250001 0
2.57619e-14 0.250001 0
2.57619e-14 0.250001 0
2.57619e-14 0.250001 0
2.57619e-14 0.250001 0
2.57619e-14 0.250001 0
2.57619e-14 0.250001 0
2.57619e-14 0.250001 0
2.57619e-14 0.250001 0
2.57619e-14 0.250001 0
2.57619e-14 0.250001 0
2.57619e-14 0.250001 0
2.57619e-14 0.250001 0
2.57619e-14 0.250001 0
2.57619e-14 0.250001 0
2.57619e-14 0.250001 0
2.57619e-14 0.250001 0
2.57619e-14 0.250001 0
2.57619e-14 0.250001 0
2.57619e-14 0.250001 0
2.57619e-14 0.250001 0
2.57619e-14 0.250001 0
2.57619e-14 0.250001 0
2.57619e-14 0.250001 0
2.57619e-14 0.250001 0
2.57619e-14 0.250001 0
2.57619e-14 0.250001 0
2.57619e-14 0.250001 0
2.57619e-14 0.250001 0
2.57619e-14 0.250001 0
2.57619e-14 0.250001 0
2.57619e-14 0.250001 0
2.57619e-14 0.250001 0
2.57619e-14 0.250001 0
2.57619e-14 0.250001 0
2.57619e-14 0.250001 0
2.57619e-14 0.250001 0
2.57619e-14 0.250001 0
2.57619e-14 0.250001 0
2.57619e-14 0.250001 0
2.57619e-14 0.250001 0
2.57619e-14 0.250001 0
2.57619e-14 0.250001 0
2.57619e-14 0.250001 0
2.57619e-14 0.250001 0
2.57619e-14 0.250001 0
2.57619e-14 0.250001 0
2.57619e-14 0.250001 0
2.57619e-14 0.250001 0
2.57619e-14 0.250001 0
2.57619e-14 0.250001 0
2.57619e-14 0.250001 0
2.57619e-14 0.250001 0
2.57619e-14 0.250001 0
2.57619e-14 0.250001 0
2.57619e-14 0.250001 0
2.57619e-14 0.250001 0
2.57619e-14 0.250001 0
2.57619e-14 0.250001 0
2.57619e-14 0.250001 0
2.57619e-14 0.250001 0
2.57619e-14 0.250001 0
2.57619e-14 0.250001 0
2.57619e-14 0.250001 0
2.57619e-14 0.250001 0
2.57619e-14 0.250001 0
2.57619e-14 0.250001 0
2.57619e-14 0.250001 0
2.57619e-14 0.250001 0
2.57619e-14 0.250001 0
2.57619e-14 0.250001 0
2.57619e-14 0.250001 0
2.57619e-14 0.250001 0
2.57619e-14 0.250001 0
2.57619e-14 0.250001 0
2.57619e-14 0.250001 0
2.57619e-14 0.250001 0
2.57619e-14 0.250001 0
2.57619e-14 0.250001 0
2.57619e-14 0.250001 0
2.57619e-14 0.250001 0
2.57619e-14 0.250001 0
2.57619e-14 0.250001 0
2.57619e-14 0.250001 0
2.57619e-14 0.250001 0
2.57619e-14 0.250001 0
2.57619e-14 0.250001 0
2.57619e-14 0.250001 0
2.57619e-14 0.250001 0
2.57619e-14 0.250001 0
2.57619e-14 0.250001 0
2.57619e-14 0.250001 0
2.57619e-14 0.250001 0
2.57619e-14 0.250001 0
2.57619e-14 0.250001 0
2.57619e-14 0.250001 0
2.57619e-14 0.250001 0
2.57619e-14 0.250001 0
2.57619e-14 0.250001 0
2.57619e-14 0.250001 0
2.57619e-14 0.250001 0
2.57619e-14 0.250001 0
